sbalbale@netlab17:~/Trinity-CPSC275-Introduction-to-Computer-Systems/lab09$ ./vsm12 < sum.v12
3073
3074
2049
2562
3584
0


Registers and Memory Dump:

REGISTERS:
accumulator                 0x0000
instructionCounter          0x0000
instructionRegister         0x0C01
opCode                      0x0
operand                     0x0000

CODE:
     0  1  2  3  4  5  6  7  8  9
0000 0C 01 0C 02 08 01 0A 02 0E 00 
0010 00 00 00 00 00 00 00 00 00 00 
0020 00 00 00 00 00 00 00 00 00 00 
0030 00 00 00 00 00 00 00 00 00 00 
0040 00 00 00 00 00 00 00 00 00 00 
0050 00 00 00 00 00 00 00 00 00 00 
0060 00 00 00 00 00 00 00 00 00 00 
0070 00 00 00 00 00 00 00 00 00 00 
0080 00 00 00 00 00 00 00 00 00 00 
0090 00 00 00 00 00 00 00 00 00 00 
...

DATA:
     0  1  2  3  4  5  6  7  8  9
0000 00 0A 00 14 00 00 00 00 00 00 
0010 00 00 00 00 00 00 00 00 00 00 
0020 00 00 00 00 00 00 00 00 00 00 
0030 00 00 00 00 00 00 00 00 00 00 
0040 00 00 00 00 00 00 00 00 00 00 
0050 00 00 00 00 00 00 00 00 00 00 
0060 00 00 00 00 

